 0\ 0|12\ 0|17\ 0| 0\ 0| 3\ 0|12\ 0|22\ 0|16\ 0| 0\ 0| 0\ 0|35\ 0|15\ 0
 0\14|  0  |  0  | 0\21|  0  |  0  |  0  |  0  |13\ 0|12\14|  0  |  0  
 0\ 6|  0  |  0  | 0\42|  0  |  0  |  0  |  0  |  0  |  0  |  0  |  0  
 0\ 3|  0  |  0  |13\ 0|11\17|  0  |  0  |21\12|  0  |  0  |  0  |12\ 0
 0\16|  0  |  0  |  0  |  0  | 0\ 0|23\11|  0  |  0  |17\14|  0  |  0  
 0\ 0| 0\ 0|32\ 4|  0  |  0  |11\34|  0  |  0  |  0  |  0  |  0  |  0  
 0\ 0| 4\ 4|  0  |  0  |15\18|  0  |  0  |  0  |12\12|  0  |  0  | 0\ 0
 0\32|  0  |  0  |  0  |  0  |  0  |  0  | 0\ 9|  0  |  0  |14\ 0|26\ 0
 0\ 4|  0  |  0  |15\ 8|  0  |  0  |17\ 0|20\13|  0  |  0  |  0  |  0  
 0\ 0|14\20|  0  |  0  |  0  |16\16|  0  |  0  | 4\ 0| 0\17|  0  |  0  
 0\40|  0  |  0  |  0  |  0  |  0  |  0  |  0  |  0  | 0\11|  0  |  0  
 0\10|  0  |  0  | 0\ 0| 0\27|  0  |  0  |  0  |  0  | 0\ 5|  0  |  0  



#sol
https://www.mathinenglish.com/newpuzzlefiles/kakuro/12by12HardKakuro(1).pdf




Managed to solve the real one but made this weird output (because error in input) !

(integer) display_matrix: 
[[ 0  0  0  0  0  0  0  0  0  0  0  0]
 [ 0  9  7  0  4  5  2  1  0  0  8  7]
 [ 0  4  9  0  2  6  3  1  4  2  1  2]
 [ 0  2  1  0  0  7  9  0  3  4  7  0]
 [ 0  4  2  0  9  0  0  1  5  0  3  2]
 [ 0  0  0  1  4  0  9  1  4  8  6  3]
 [ 0  0  2  1  0  9  1  2  0  3  5  0]
 [ 0  1  2  8  1  5  3  0  2  2  0  0]
 [ 0  1  2  0  4  2  0  0  1  2  3  9]
 [ 0  0  8  6  8  0  1  2  0  0  3  8]
 [ 0  2  8  1  9  3  7  4  1  0  1  9]
 [ 0  5  1  0  0  2  0  6  0  0 15 12]]
satisfiable?  SATISFIABLE

- screwed up in 5th row (see the 2 in 0), yet it found a solution:
	2 4's in first column
	wrong sums all over the place 